# Athena++ data at time=4.059296e-01  cycle=23  variables=prim 
# i       x1v         rho          press          vel1         vel2         vel3     
0002 -1.98000e+00  3.00000e+00  3.00000e+00  0.00000e+00  0.00000e+00  0.00000e+00
0003 -1.94000e+00  3.00000e+00  3.00000e+00  0.00000e+00  0.00000e+00  0.00000e+00
0004 -1.90000e+00  3.00000e+00  3.00000e+00  0.00000e+00  0.00000e+00  0.00000e+00
0005 -1.86000e+00  3.00000e+00  3.00000e+00  0.00000e+00  0.00000e+00  0.00000e+00
0006 -1.82000e+00  3.00000e+00  3.00000e+00  0.00000e+00  0.00000e+00  0.00000e+00
0007 -1.78000e+00  3.00000e+00  3.00000e+00  0.00000e+00  0.00000e+00  0.00000e+00
0008 -1.74000e+00  3.00000e+00  3.00000e+00  0.00000e+00  0.00000e+00  0.00000e+00
0009 -1.70000e+00  3.00000e+00  3.00000e+00  0.00000e+00  0.00000e+00  0.00000e+00
0010 -1.66000e+00  3.00000e+00  3.00000e+00  0.00000e+00  0.00000e+00  0.00000e+00
0011 -1.62000e+00  3.00000e+00  3.00000e+00  0.00000e+00  0.00000e+00  0.00000e+00
0012 -1.58000e+00  3.00000e+00  3.00000e+00  0.00000e+00  0.00000e+00  0.00000e+00
0013 -1.54000e+00  3.00000e+00  3.00000e+00  0.00000e+00  0.00000e+00  0.00000e+00
0014 -1.50000e+00  3.00000e+00  3.00000e+00  0.00000e+00  0.00000e+00  0.00000e+00
0015 -1.46000e+00  3.00000e+00  3.00000e+00  0.00000e+00  0.00000e+00  0.00000e+00
0016 -1.42000e+00  3.00000e+00  3.00000e+00  0.00000e+00  0.00000e+00  0.00000e+00
0017 -1.38000e+00  3.00000e+00  3.00000e+00  0.00000e+00  0.00000e+00  0.00000e+00
0018 -1.34000e+00  3.00000e+00  3.00000e+00  0.00000e+00  0.00000e+00  0.00000e+00
0019 -1.30000e+00  3.00000e+00  3.00000e+00  0.00000e+00  0.00000e+00  0.00000e+00
0020 -1.26000e+00  3.00000e+00  3.00000e+00  0.00000e+00  0.00000e+00  0.00000e+00
0021 -1.22000e+00  3.00000e+00  3.00000e+00  0.00000e+00  0.00000e+00  0.00000e+00
0022 -1.18000e+00  3.00000e+00  3.00000e+00  0.00000e+00  0.00000e+00  0.00000e+00
0023 -1.14000e+00  3.00000e+00  3.00000e+00  0.00000e+00  0.00000e+00  0.00000e+00
0024 -1.10000e+00  3.00000e+00  3.00000e+00  2.54216e-16  0.00000e+00  0.00000e+00
0025 -1.06000e+00  3.00000e+00  3.00000e+00  1.07406e-14  0.00000e+00  0.00000e+00
0026 -1.02000e+00  3.00000e+00  3.00000e+00  4.53264e-13  0.00000e+00  0.00000e+00
0027 -9.80000e-01  3.00000e+00  3.00000e+00  1.40144e-11  0.00000e+00  0.00000e+00
0028 -9.40000e-01  3.00000e+00  3.00000e+00  3.26764e-10  0.00000e+00  0.00000e+00
0029 -9.00000e-01  3.00000e+00  3.00000e+00  5.88770e-09  0.00000e+00  0.00000e+00
0030 -8.60000e-01  3.00000e+00  3.00000e+00  8.33094e-08  0.00000e+00  0.00000e+00
0031 -8.20000e-01  3.00000e+00  3.00000e+00  9.34913e-07  0.00000e+00  0.00000e+00
0032 -7.80000e-01  2.99998e+00  2.99997e+00  8.36149e-06  0.00000e+00  0.00000e+00
0033 -7.40000e-01  2.99986e+00  2.99977e+00  5.96461e-05  0.00000e+00  0.00000e+00
0034 -7.00000e-01  2.99921e+00  2.99869e+00  3.38687e-04  0.00000e+00  0.00000e+00
0035 -6.60000e-01  2.99646e+00  2.99408e+00  1.52678e-03  0.00000e+00  0.00000e+00
0036 -6.20000e-01  2.98732e+00  2.97886e+00  5.46530e-03  0.00000e+00  0.00000e+00
0037 -5.80000e-01  2.96376e+00  2.93977e+00  1.56513e-02  0.00000e+00  0.00000e+00
0038 -5.40000e-01  2.91595e+00  2.86111e+00  3.64888e-02  0.00000e+00  0.00000e+00
0039 -5.00000e-01  2.83776e+00  2.73432e+00  7.11029e-02  0.00000e+00  0.00000e+00
0040 -4.60000e-01  2.73101e+00  2.56490e+00  1.19473e-01  0.00000e+00  0.00000e+00
0041 -4.20000e-01  2.60445e+00  2.36962e+00  1.78524e-01  0.00000e+00  0.00000e+00
0042 -3.80000e-01  2.46996e+00  2.16890e+00  2.43410e-01  0.00000e+00  0.00000e+00
0043 -3.40000e-01  2.34061e+00  1.98266e+00  3.07980e-01  0.00000e+00  0.00000e+00
0044 -3.00000e-01  2.23177e+00  1.83129e+00  3.64250e-01  0.00000e+00  0.00000e+00
0045 -2.60000e-01  2.15683e+00  1.72977e+00  4.02185e-01  0.00000e+00  0.00000e+00
0046 -2.20000e-01  2.12845e+00  1.69345e+00  4.23425e-01  0.00000e+00  0.00000e+00
0047 -1.80000e-01  2.11331e+00  1.66697e+00  4.22238e-01  0.00000e+00  0.00000e+00
0048 -1.40000e-01  2.11232e+00  1.67704e+00  4.26616e-01  0.00000e+00  0.00000e+00
0049 -1.00000e-01  2.11758e+00  1.67698e+00  4.23773e-01  0.00000e+00  0.00000e+00
0050 -6.00000e-02  2.12203e+00  1.68404e+00  4.25080e-01  0.00000e+00  0.00000e+00
0051 -2.00000e-02  2.11630e+00  1.68086e+00  4.23964e-01  0.00000e+00  0.00000e+00
0052  2.00000e-02  2.11879e+00  1.68022e+00  4.23779e-01  0.00000e+00  0.00000e+00
0053  6.00000e-02  2.11613e+00  1.67820e+00  4.22937e-01  0.00000e+00  0.00000e+00
0054  1.00000e-01  2.08374e+00  1.67883e+00  4.23082e-01  0.00000e+00  0.00000e+00
0055  1.40000e-01  1.93514e+00  1.67919e+00  4.23394e-01  0.00000e+00  0.00000e+00
0056  1.80000e-01  1.65216e+00  1.68089e+00  4.24041e-01  0.00000e+00  0.00000e+00
0057  2.20000e-01  1.42785e+00  1.68150e+00  4.24159e-01  0.00000e+00  0.00000e+00
0058  2.60000e-01  1.36118e+00  1.68119e+00  4.24346e-01  0.00000e+00  0.00000e+00
0059  3.00000e-01  1.35359e+00  1.68073e+00  4.23876e-01  0.00000e+00  0.00000e+00
0060  3.40000e-01  1.35394e+00  1.67981e+00  4.23373e-01  0.00000e+00  0.00000e+00
0061  3.80000e-01  1.35577e+00  1.67938e+00  4.23347e-01  0.00000e+00  0.00000e+00
0062  4.20000e-01  1.35775e+00  1.68000e+00  4.23504e-01  0.00000e+00  0.00000e+00
0063  4.60000e-01  1.35908e+00  1.68209e+00  4.24607e-01  0.00000e+00  0.00000e+00
0064  5.00000e-01  1.35958e+00  1.68327e+00  4.25272e-01  0.00000e+00  0.00000e+00
0065  5.40000e-01  1.35944e+00  1.68312e+00  4.25128e-01  0.00000e+00  0.00000e+00
0066  5.80000e-01  1.35176e+00  1.66732e+00  4.17031e-01  0.00000e+00  0.00000e+00
0067  6.20000e-01  1.29456e+00  1.55099e+00  3.54654e-01  0.00000e+00  0.00000e+00
0068  6.60000e-01  1.16100e+00  1.28978e+00  2.01098e-01  0.00000e+00  0.00000e+00
0069  7.00000e-01  1.04613e+00  1.07911e+00  5.91895e-02  0.00000e+00  0.00000e+00
0070  7.40000e-01  1.00683e+00  1.01145e+00  8.81664e-03  0.00000e+00  0.00000e+00
0071  7.80000e-01  1.00062e+00  1.00104e+00  8.02854e-04  0.00000e+00  0.00000e+00
0072  8.20000e-01  1.00004e+00  1.00007e+00  5.22117e-05  0.00000e+00  0.00000e+00
0073  8.60000e-01  1.00000e+00  1.00000e+00  2.64179e-06  0.00000e+00  0.00000e+00
0074  9.00000e-01  1.00000e+00  1.00000e+00  1.08987e-07  0.00000e+00  0.00000e+00
0075  9.40000e-01  1.00000e+00  1.00000e+00  3.74204e-09  0.00000e+00  0.00000e+00
0076  9.80000e-01  1.00000e+00  1.00000e+00  1.06822e-10  0.00000e+00  0.00000e+00
0077  1.02000e+00  1.00000e+00  1.00000e+00  2.48012e-12  0.00000e+00  0.00000e+00
0078  1.06000e+00  1.00000e+00  1.00000e+00  4.46148e-14  0.00000e+00  0.00000e+00
0079  1.10000e+00  1.00000e+00  1.00000e+00  5.71987e-16  0.00000e+00  0.00000e+00
0080  1.14000e+00  1.00000e+00  1.00000e+00  0.00000e+00  0.00000e+00  0.00000e+00
0081  1.18000e+00  1.00000e+00  1.00000e+00  0.00000e+00  0.00000e+00  0.00000e+00
0082  1.22000e+00  1.00000e+00  1.00000e+00  0.00000e+00  0.00000e+00  0.00000e+00
0083  1.26000e+00  1.00000e+00  1.00000e+00  0.00000e+00  0.00000e+00  0.00000e+00
0084  1.30000e+00  1.00000e+00  1.00000e+00  0.00000e+00  0.00000e+00  0.00000e+00
0085  1.34000e+00  1.00000e+00  1.00000e+00  0.00000e+00  0.00000e+00  0.00000e+00
0086  1.38000e+00  1.00000e+00  1.00000e+00  0.00000e+00  0.00000e+00  0.00000e+00
0087  1.42000e+00  1.00000e+00  1.00000e+00  0.00000e+00  0.00000e+00  0.00000e+00
0088  1.46000e+00  1.00000e+00  1.00000e+00  0.00000e+00  0.00000e+00  0.00000e+00
0089  1.50000e+00  1.00000e+00  1.00000e+00  0.00000e+00  0.00000e+00  0.00000e+00
0090  1.54000e+00  1.00000e+00  1.00000e+00  0.00000e+00  0.00000e+00  0.00000e+00
0091  1.58000e+00  1.00000e+00  1.00000e+00  0.00000e+00  0.00000e+00  0.00000e+00
0092  1.62000e+00  1.00000e+00  1.00000e+00  0.00000e+00  0.00000e+00  0.00000e+00
0093  1.66000e+00  1.00000e+00  1.00000e+00  0.00000e+00  0.00000e+00  0.00000e+00
0094  1.70000e+00  1.00000e+00  1.00000e+00  0.00000e+00  0.00000e+00  0.00000e+00
0095  1.74000e+00  1.00000e+00  1.00000e+00  0.00000e+00  0.00000e+00  0.00000e+00
0096  1.78000e+00  1.00000e+00  1.00000e+00  0.00000e+00  0.00000e+00  0.00000e+00
0097  1.82000e+00  1.00000e+00  1.00000e+00  0.00000e+00  0.00000e+00  0.00000e+00
0098  1.86000e+00  1.00000e+00  1.00000e+00  0.00000e+00  0.00000e+00  0.00000e+00
0099  1.90000e+00  1.00000e+00  1.00000e+00  0.00000e+00  0.00000e+00  0.00000e+00
0100  1.94000e+00  1.00000e+00  1.00000e+00  0.00000e+00  0.00000e+00  0.00000e+00
0101  1.98000e+00  1.00000e+00  1.00000e+00  0.00000e+00  0.00000e+00  0.00000e+00
