# Athena++ data at time=1.000000e+00  cycle=58  variables=prim 
# i       x1v         rho          press          vel1         vel2         vel3     
0002 -1.98000e+00  3.00000e+00  3.00000e+00  3.64083e-14  0.00000e+00  0.00000e+00
0003 -1.94000e+00  3.00000e+00  3.00000e+00  7.98434e-13  0.00000e+00  0.00000e+00
0004 -1.90000e+00  3.00000e+00  3.00000e+00  8.37583e-12  0.00000e+00  0.00000e+00
0005 -1.86000e+00  3.00000e+00  3.00000e+00  7.99284e-11  0.00000e+00  0.00000e+00
0006 -1.82000e+00  3.00000e+00  3.00000e+00  6.90116e-10  0.00000e+00  0.00000e+00
0007 -1.78000e+00  3.00000e+00  3.00000e+00  5.38521e-09  0.00000e+00  0.00000e+00
0008 -1.74000e+00  3.00000e+00  3.00000e+00  3.79045e-08  0.00000e+00  0.00000e+00
0009 -1.70000e+00  3.00000e+00  3.00000e+00  2.39978e-07  0.00000e+00  0.00000e+00
0010 -1.66000e+00  3.00000e+00  2.99999e+00  1.36156e-06  0.00000e+00  0.00000e+00
0011 -1.62000e+00  2.99998e+00  2.99997e+00  6.89087e-06  0.00000e+00  0.00000e+00
0012 -1.58000e+00  2.99993e+00  2.99988e+00  3.09382e-05  0.00000e+00  0.00000e+00
0013 -1.54000e+00  2.99972e+00  2.99953e+00  1.22471e-04  0.00000e+00  0.00000e+00
0014 -1.50000e+00  2.99901e+00  2.99835e+00  4.24803e-04  0.00000e+00  0.00000e+00
0015 -1.46000e+00  2.99702e+00  2.99502e+00  1.28429e-03  0.00000e+00  0.00000e+00
0016 -1.42000e+00  2.99217e+00  2.98694e+00  3.37450e-03  0.00000e+00  0.00000e+00
0017 -1.38000e+00  2.98212e+00  2.97021e+00  7.71525e-03  0.00000e+00  0.00000e+00
0018 -1.34000e+00  2.96427e+00  2.94058e+00  1.54485e-02  0.00000e+00  0.00000e+00
0019 -1.30000e+00  2.93680e+00  2.89523e+00  2.74115e-02  0.00000e+00  0.00000e+00
0020 -1.26000e+00  2.89947e+00  2.83407e+00  4.37877e-02  0.00000e+00  0.00000e+00
0021 -1.22000e+00  2.85363e+00  2.75967e+00  6.40981e-02  0.00000e+00  0.00000e+00
0022 -1.18000e+00  2.80144e+00  2.67591e+00  8.74908e-02  0.00000e+00  0.00000e+00
0023 -1.14000e+00  2.74508e+00  2.58663e+00  1.13080e-01  0.00000e+00  0.00000e+00
0024 -1.10000e+00  2.68631e+00  2.49480e+00  1.40142e-01  0.00000e+00  0.00000e+00
0025 -1.06000e+00  2.62633e+00  2.40248e+00  1.68163e-01  0.00000e+00  0.00000e+00
0026 -1.02000e+00  2.56598e+00  2.31098e+00  1.96795e-01  0.00000e+00  0.00000e+00
0027 -9.80000e-01  2.50581e+00  2.22119e+00  2.25789e-01  0.00000e+00  0.00000e+00
0028 -9.40000e-01  2.44626e+00  2.13373e+00  2.54940e-01  0.00000e+00  0.00000e+00
0029 -9.00000e-01  2.38781e+00  2.04926e+00  2.84019e-01  0.00000e+00  0.00000e+00
0030 -8.60000e-01  2.33108e+00  1.96860e+00  3.12694e-01  0.00000e+00  0.00000e+00
0031 -8.20000e-01  2.27711e+00  1.89308e+00  3.40402e-01  0.00000e+00  0.00000e+00
0032 -7.80000e-01  2.22765e+00  1.82491e+00  3.66177e-01  0.00000e+00  0.00000e+00
0033 -7.40000e-01  2.18532e+00  1.76738e+00  3.88521e-01  0.00000e+00  0.00000e+00
0034 -7.00000e-01  2.15324e+00  1.72427e+00  4.05702e-01  0.00000e+00  0.00000e+00
0035 -6.60000e-01  2.13275e+00  1.69695e+00  4.16374e-01  0.00000e+00  0.00000e+00
0036 -6.20000e-01  2.12442e+00  1.68591e+00  4.22168e-01  0.00000e+00  0.00000e+00
0037 -5.80000e-01  2.11897e+00  1.67867e+00  4.22632e-01  0.00000e+00  0.00000e+00
0038 -5.40000e-01  2.12001e+00  1.68011e+00  4.24174e-01  0.00000e+00  0.00000e+00
0039 -5.00000e-01  2.11923e+00  1.67902e+00  4.23995e-01  0.00000e+00  0.00000e+00
0040 -4.60000e-01  2.11964e+00  1.67965e+00  4.24099e-01  0.00000e+00  0.00000e+00
0041 -4.20000e-01  2.11969e+00  1.67971e+00  4.23717e-01  0.00000e+00  0.00000e+00
0042 -3.80000e-01  2.11967e+00  1.67967e+00  4.23521e-01  0.00000e+00  0.00000e+00
0043 -3.40000e-01  2.11964e+00  1.67969e+00  4.23467e-01  0.00000e+00  0.00000e+00
0044 -3.00000e-01  2.11975e+00  1.67984e+00  4.23549e-01  0.00000e+00  0.00000e+00
0045 -2.60000e-01  2.11997e+00  1.68012e+00  4.23647e-01  0.00000e+00  0.00000e+00
0046 -2.20000e-01  2.12000e+00  1.68025e+00  4.23677e-01  0.00000e+00  0.00000e+00
0047 -1.80000e-01  2.11995e+00  1.68022e+00  4.23645e-01  0.00000e+00  0.00000e+00
0048 -1.40000e-01  2.11978e+00  1.68001e+00  4.23562e-01  0.00000e+00  0.00000e+00
0049 -1.00000e-01  2.11959e+00  1.67986e+00  4.23504e-01  0.00000e+00  0.00000e+00
0050 -6.00000e-02  2.11948e+00  1.67985e+00  4.23516e-01  0.00000e+00  0.00000e+00
0051 -2.00000e-02  2.11947e+00  1.67997e+00  4.23564e-01  0.00000e+00  0.00000e+00
0052  2.00000e-02  2.11947e+00  1.68014e+00  4.23630e-01  0.00000e+00  0.00000e+00
0053  6.00000e-02  2.11929e+00  1.68018e+00  4.23636e-01  0.00000e+00  0.00000e+00
0054  1.00000e-01  2.11889e+00  1.68015e+00  4.23613e-01  0.00000e+00  0.00000e+00
0055  1.40000e-01  2.11841e+00  1.68000e+00  4.23550e-01  0.00000e+00  0.00000e+00
0056  1.80000e-01  2.11807e+00  1.67995e+00  4.23530e-01  0.00000e+00  0.00000e+00
0057  2.20000e-01  2.11752e+00  1.67996e+00  4.23538e-01  0.00000e+00  0.00000e+00
0058  2.60000e-01  2.11515e+00  1.68007e+00  4.23583e-01  0.00000e+00  0.00000e+00
0059  3.00000e-01  2.10368e+00  1.68017e+00  4.23623e-01  0.00000e+00  0.00000e+00
0060  3.40000e-01  2.06123e+00  1.68017e+00  4.23620e-01  0.00000e+00  0.00000e+00
0061  3.80000e-01  1.94834e+00  1.68012e+00  4.23595e-01  0.00000e+00  0.00000e+00
0062  4.20000e-01  1.74661e+00  1.68001e+00  4.23546e-01  0.00000e+00  0.00000e+00
0063  4.60000e-01  1.52894e+00  1.67998e+00  4.23529e-01  0.00000e+00  0.00000e+00
0064  5.00000e-01  1.40150e+00  1.67998e+00  4.23531e-01  0.00000e+00  0.00000e+00
0065  5.40000e-01  1.36276e+00  1.68004e+00  4.23559e-01  0.00000e+00  0.00000e+00
0066  5.80000e-01  1.35674e+00  1.68016e+00  4.23619e-01  0.00000e+00  0.00000e+00
0067  6.20000e-01  1.35659e+00  1.68023e+00  4.23653e-01  0.00000e+00  0.00000e+00
0068  6.60000e-01  1.35686e+00  1.68023e+00  4.23653e-01  0.00000e+00  0.00000e+00
0069  7.00000e-01  1.35753e+00  1.68019e+00  4.23633e-01  0.00000e+00  0.00000e+00
0070  7.40000e-01  1.35791e+00  1.68006e+00  4.23569e-01  0.00000e+00  0.00000e+00
0071  7.80000e-01  1.35796e+00  1.67997e+00  4.23521e-01  0.00000e+00  0.00000e+00
0072  8.20000e-01  1.35797e+00  1.67996e+00  4.23516e-01  0.00000e+00  0.00000e+00
0073  8.60000e-01  1.35799e+00  1.68000e+00  4.23532e-01  0.00000e+00  0.00000e+00
0074  9.00000e-01  1.35808e+00  1.68015e+00  4.23610e-01  0.00000e+00  0.00000e+00
0075  9.40000e-01  1.35820e+00  1.68032e+00  4.23697e-01  0.00000e+00  0.00000e+00
0076  9.80000e-01  1.35826e+00  1.68036e+00  4.23720e-01  0.00000e+00  0.00000e+00
0077  1.02000e+00  1.35828e+00  1.68036e+00  4.23717e-01  0.00000e+00  0.00000e+00
0078  1.06000e+00  1.35826e+00  1.68026e+00  4.23668e-01  0.00000e+00  0.00000e+00
0079  1.10000e+00  1.35819e+00  1.68008e+00  4.23572e-01  0.00000e+00  0.00000e+00
0080  1.14000e+00  1.35816e+00  1.67997e+00  4.23517e-01  0.00000e+00  0.00000e+00
0081  1.18000e+00  1.35817e+00  1.67996e+00  4.23512e-01  0.00000e+00  0.00000e+00
0082  1.22000e+00  1.35821e+00  1.68000e+00  4.23530e-01  0.00000e+00  0.00000e+00
0083  1.26000e+00  1.35830e+00  1.68015e+00  4.23609e-01  0.00000e+00  0.00000e+00
0084  1.30000e+00  1.35842e+00  1.68036e+00  4.23717e-01  0.00000e+00  0.00000e+00
0085  1.34000e+00  1.35851e+00  1.68053e+00  4.23801e-01  0.00000e+00  0.00000e+00
0086  1.38000e+00  1.35855e+00  1.68059e+00  4.23835e-01  0.00000e+00  0.00000e+00
0087  1.42000e+00  1.35856e+00  1.68061e+00  4.23842e-01  0.00000e+00  0.00000e+00
0088  1.46000e+00  1.35854e+00  1.68056e+00  4.23816e-01  0.00000e+00  0.00000e+00
0089  1.50000e+00  1.35769e+00  1.67879e+00  4.22942e-01  0.00000e+00  0.00000e+00
0090  1.54000e+00  1.34574e+00  1.65420e+00  4.10199e-01  0.00000e+00  0.00000e+00
0091  1.58000e+00  1.27964e+00  1.52047e+00  3.37653e-01  0.00000e+00  0.00000e+00
0092  1.62000e+00  1.14304e+00  1.25571e+00  1.79489e-01  0.00000e+00  0.00000e+00
0093  1.66000e+00  1.03820e+00  1.06532e+00  4.91508e-02  0.00000e+00  0.00000e+00
0094  1.70000e+00  1.00551e+00  1.00923e+00  7.11238e-03  0.00000e+00  0.00000e+00
0095  1.74000e+00  1.00051e+00  1.00085e+00  6.60762e-04  0.00000e+00  0.00000e+00
0096  1.78000e+00  1.00004e+00  1.00006e+00  4.56339e-05  0.00000e+00  0.00000e+00
0097  1.82000e+00  1.00000e+00  1.00000e+00  2.54136e-06  0.00000e+00  0.00000e+00
0098  1.86000e+00  1.00000e+00  1.00000e+00  1.20955e-07  0.00000e+00  0.00000e+00
0099  1.90000e+00  1.00000e+00  1.00000e+00  5.13451e-09  0.00000e+00  0.00000e+00
0100  1.94000e+00  1.00000e+00  1.00000e+00  2.00763e-10  0.00000e+00  0.00000e+00
0101  1.98000e+00  1.00000e+00  1.00000e+00  3.81734e-12  0.00000e+00  0.00000e+00
